[[2, 9], [1, 4], [1, 5]]
[[6, 6], [5, 6], [4, 9], [8, 10], [5, 9]]
[[1, 2], [3, 4], [9, 10], [6, 7], [1, 7], [3, 7], [3, 10]]
[[6, 7], [3, 10], [4, 8]]
[[5, 9], [9, 10], [1, 3], [9, 10]]
[[3, 3], [9, 10], [2, 6]]
[[5, 7], [5, 6]]
[[1, 10], [8, 10]]
[[7, 7], [7, 8], [3, 9], [3, 7], [5, 6], [3, 6]]
[[4, 8]]
[[10, 10], [7, 10]]
[[1, 10], [2, 7], [4, 7], [9, 10], [5, 9], [5, 6], [6, 7], [3, 9], [4, 8]]
[[8, 9], [8, 10], [2, 4], [1, 5], [1, 10], [5, 10], [1, 2], [1, 6]]
[[8, 10], [1, 4], [1, 3], [4, 10], [5, 9], [4, 5]]
[[1, 5], [6, 10], [3, 5], [3, 9], [1, 5]]
[[8, 10], [4, 6], [7, 10]]
[[3, 7], [6, 9], [2, 8], [9, 10], [4, 10]]
[[9, 10], [3, 9], [7, 8], [3, 5], [6, 10], [7, 8], [1, 9]]
[[3, 3], [3, 5], [4, 10], [1, 9], [7, 9]]
[[2, 4], [3, 5], [4, 10], [1, 6], [2, 10], [3, 6]]
